task_num:9
lstm_layer:64
drop:0.2
r_drop:0.2
l2_value:0.001
shared_layer:576
dense_num:64
Current file index is: 0
Smape: 0.7006188035011292
Smape_PM25: 1.1218763589859009
Smape_PM10: 0.906029999256134
Smape_NO2: 0.7623000741004944
Smape_CO: 0.7255352139472961
Smape_O3: 0.6675143837928772
Smape_SO2: 0.7120974659919739

Current file index is: 1
Smape: 0.5215802788734436
Smape_PM25: 0.37184128165245056
Smape_PM10: 0.37929680943489075
Smape_NO2: 0.6063323020935059
Smape_CO: 0.4004836976528168
Smape_O3: 0.6985806822776794
Smape_SO2: 0.5561431050300598

Current file index is: 2
Smape: 0.4780140221118927
Smape_PM25: 0.6434550881385803
Smape_PM10: 0.5120425820350647
Smape_NO2: 0.41018855571746826
Smape_CO: 0.37692388892173767
Smape_O3: 0.45614293217658997
Smape_SO2: 0.33741042017936707

Current file index is: 3
Smape: 0.5572506785392761
Smape_PM25: 0.8151646256446838
Smape_PM10: 0.8412995934486389
Smape_NO2: 0.48824024200439453
Smape_CO: 0.546802818775177
Smape_O3: 0.472714900970459
Smape_SO2: 0.4491596221923828

Current file index is: 4
Smape: 0.44498392939567566
Smape_PM25: 0.32273954153060913
Smape_PM10: 0.26728299260139465
Smape_NO2: 0.3273528516292572
Smape_CO: 0.35519346594810486
Smape_O3: 0.3253423273563385
Smape_SO2: 0.2191464900970459

Current file index is: 5
Smape: 0.3697875738143921
Smape_PM25: 0.36048564314842224
Smape_PM10: 0.33864104747772217
Smape_NO2: 0.20618455111980438
Smape_CO: 0.3686455190181732
Smape_O3: 0.3028298318386078
Smape_SO2: 0.527560293674469

Current file index is: 6
Smape: 0.5576522350311279
Smape_PM25: 0.9560823440551758
Smape_PM10: 0.5999901294708252
Smape_NO2: 0.4795939028263092
Smape_CO: 0.5263989567756653
Smape_O3: 0.547415554523468
Smape_SO2: 0.8119339346885681

Current file index is: 7
Smape: 0.42918047308921814
Smape_PM25: 0.30352285504341125
Smape_PM10: 0.4836322069168091
Smape_NO2: 0.2789502441883087
Smape_CO: 0.17684264481067657
Smape_O3: 0.16842879354953766
Smape_SO2: 0.4853387176990509

Current file index is: 8
Smape: 0.5316373109817505
Smape_PM25: 0.42239490151405334
Smape_PM10: 0.37975654006004333
Smape_NO2: 0.24628670513629913
Smape_CO: 0.3599325716495514
Smape_O3: 0.29619988799095154
Smape_SO2: 0.49841633439064026

avg_Smape: 0.5100783672597673
avg_Smape_PM25: 0.5908402933014764
avg_Smape_PM10: 0.5231079889668359
avg_Smape_NO2: 0.42282549209064907
avg_Smape_CO: 0.4263065308332443
avg_Smape_O3: 0.4372410327196121
avg_Smape_SO2: 0.510800709327062
training time:3849.6387662887573