task_num:9
lstm_layer:64
drop:0.2
r_drop:0.2
l2_value:0.001
shared_layer:576
dense_num:64
Current file index is: 0
Smape: 0.6880018711090088
Smape_PM25: 0.9374207854270935
Smape_PM10: 0.8858658671379089
Smape_NO2: 0.6892149448394775
Smape_CO: 0.5994485020637512
Smape_O3: 0.5602471232414246
Smape_SO2: 0.6596754193305969

Current file index is: 1
Smape: 0.8941745758056641
Smape_PM25: 0.5684700608253479
Smape_PM10: 0.4016074240207672
Smape_NO2: 0.733197033405304
Smape_CO: 0.7569282650947571
Smape_O3: 1.0776045322418213
Smape_SO2: 0.8759658932685852

Current file index is: 2
Smape: 0.6812964081764221
Smape_PM25: 0.6846795678138733
Smape_PM10: 0.5109190940856934
Smape_NO2: 0.6409416198730469
Smape_CO: 0.8025382161140442
Smape_O3: 0.8775434494018555
Smape_SO2: 0.5272331237792969

Current file index is: 3
Smape: 0.769163191318512
Smape_PM25: 0.8986145853996277
Smape_PM10: 0.7926123738288879
Smape_NO2: 0.509332001209259
Smape_CO: 0.5836991667747498
Smape_O3: 0.5344462394714355
Smape_SO2: 0.5379511713981628

Current file index is: 4
Smape: 0.6899373531341553
Smape_PM25: 0.838115930557251
Smape_PM10: 0.8130344748497009
Smape_NO2: 0.9939239025115967
Smape_CO: 1.1020904779434204
Smape_O3: 0.9689788818359375
Smape_SO2: 0.6529493927955627

Current file index is: 5
Smape: 0.581154465675354
Smape_PM25: 0.413954496383667
Smape_PM10: 0.6315078735351562
Smape_NO2: 0.5249805450439453
Smape_CO: 0.6644381880760193
Smape_O3: 0.6617116928100586
Smape_SO2: 0.7706372737884521

Current file index is: 6
Smape: 0.7286461591720581
Smape_PM25: 0.8019607067108154
Smape_PM10: 0.4523278772830963
Smape_NO2: 0.3324168026447296
Smape_CO: 0.2777191400527954
Smape_O3: 0.4759036600589752
Smape_SO2: 0.6149382591247559

Current file index is: 7
Smape: 0.8648202419281006
Smape_PM25: 1.0008805990219116
Smape_PM10: 1.004123330116272
Smape_NO2: 0.9367830157279968
Smape_CO: 0.8455018401145935
Smape_O3: 0.9072838425636292
Smape_SO2: 1.0044429302215576

Current file index is: 8
Smape: 0.680061936378479
Smape_PM25: 0.2866706848144531
Smape_PM10: 0.41986262798309326
Smape_NO2: 0.576769232749939
Smape_CO: 0.5718925595283508
Smape_O3: 0.6173474788665771
Smape_SO2: 0.4727449119091034

avg_Smape: 0.7308062447441949
avg_Smape_PM25: 0.7145297129948934
avg_Smape_PM10: 0.6568734380933974
avg_Smape_NO2: 0.6597287886672549
avg_Smape_CO: 0.6893618173069425
avg_Smape_O3: 0.7423407667213016
avg_Smape_SO2: 0.6796153750684526
training time:4870.8108422756195