task_num:9
lstm_layer:64
drop:0.2
r_drop:0.2
l2_value:0.001
shared_layer:576
dense_num:64
Current file index is: 0
Smape: 0.5852450728416443
Smape_PM25: 0.9728402495384216
Smape_PM10: 0.7621121406555176
Smape_NO2: 0.4269218146800995
Smape_CO: 0.4451730251312256
Smape_O3: 0.46419477462768555
Smape_SO2: 0.43918561935424805

Current file index is: 1
Smape: 0.7932349443435669
Smape_PM25: 0.6292542815208435
Smape_PM10: 0.5397065281867981
Smape_NO2: 0.7609713673591614
Smape_CO: 0.7828748226165771
Smape_O3: 1.1588751077651978
Smape_SO2: 1.0684599876403809

Current file index is: 2
Smape: 0.5213024616241455
Smape_PM25: 0.680324137210846
Smape_PM10: 0.5451052784919739
Smape_NO2: 0.5284895300865173
Smape_CO: 0.6997290253639221
Smape_O3: 0.764375627040863
Smape_SO2: 0.5020403265953064

Current file index is: 3
Smape: 0.7450426816940308
Smape_PM25: 0.9577673077583313
Smape_PM10: 0.8596476912498474
Smape_NO2: 0.5745668411254883
Smape_CO: 0.5536060929298401
Smape_O3: 0.5235794186592102
Smape_SO2: 0.5889111161231995

Current file index is: 4
Smape: 0.551387369632721
Smape_PM25: 0.2597212791442871
Smape_PM10: 0.3099810481071472
Smape_NO2: 0.45392468571662903
Smape_CO: 0.6005950570106506
Smape_O3: 0.5107192993164062
Smape_SO2: 0.28870224952697754

Current file index is: 5
Smape: 0.5317407250404358
Smape_PM25: 0.5747416615486145
Smape_PM10: 0.5092253684997559
Smape_NO2: 0.4144260883331299
Smape_CO: 0.5546407103538513
Smape_O3: 0.5713872313499451
Smape_SO2: 0.7074787020683289

Current file index is: 6
Smape: 0.6773658394813538
Smape_PM25: 0.9434515833854675
Smape_PM10: 0.5288679003715515
Smape_NO2: 0.4731861650943756
Smape_CO: 0.44897207617759705
Smape_O3: 0.5973713994026184
Smape_SO2: 0.6274295449256897

Current file index is: 7
Smape: 0.7715795636177063
Smape_PM25: 0.7740530967712402
Smape_PM10: 0.7078521847724915
Smape_NO2: 0.6416106224060059
Smape_CO: 0.6713739037513733
Smape_O3: 0.7562870383262634
Smape_SO2: 0.9207590222358704

Current file index is: 8
Smape: 0.5322774648666382
Smape_PM25: 0.5063765645027161
Smape_PM10: 0.47553661465644836
Smape_NO2: 0.43187931180000305
Smape_CO: 0.418214350938797
Smape_O3: 0.5237182378768921
Smape_SO2: 0.38612210750579834

avg_Smape: 0.6343529025713602
avg_Smape_PM25: 0.6998366845978631
avg_Smape_PM10: 0.5820038616657257
avg_Smape_NO2: 0.5228862696223788
avg_Smape_CO: 0.575019896030426
avg_Smape_O3: 0.6522786815961202
avg_Smape_SO2: 0.6143431862195333
training time:2694.218048095703