task_num:9
lstm_layer:64
drop:0.2
r_drop:0.2
l2_value:0.001
shared_layer:576
dense_num:64
Current file index is: 0
Smape: 0.5733828544616699
Smape_PM25: 1.032145380973816
Smape_PM10: 0.8647317290306091
Smape_NO2: 0.6420390009880066
Smape_CO: 0.6197836995124817
Smape_O3: 0.5237002968788147
Smape_SO2: 0.6378921866416931

Current file index is: 1
Smape: 0.5309697985649109
Smape_PM25: 0.3321859538555145
Smape_PM10: 0.15499617159366608
Smape_NO2: 0.4312412440776825
Smape_CO: 0.3422001898288727
Smape_O3: 0.6769752502441406
Smape_SO2: 0.5527963638305664

Current file index is: 2
Smape: 0.33940938115119934
Smape_PM25: 0.5027952194213867
Smape_PM10: 0.22556333243846893
Smape_NO2: 0.4677031338214874
Smape_CO: 0.4190434217453003
Smape_O3: 0.5355927348136902
Smape_SO2: 0.2355412244796753

Current file index is: 3
Smape: 0.5507639646530151
Smape_PM25: 0.7054867744445801
Smape_PM10: 0.6871728897094727
Smape_NO2: 0.38622990250587463
Smape_CO: 0.5087365508079529
Smape_O3: 0.49181321263313293
Smape_SO2: 0.580098032951355

Current file index is: 4
Smape: 0.4239554703235626
Smape_PM25: 0.2863392233848572
Smape_PM10: 0.25614607334136963
Smape_NO2: 0.3095037639141083
Smape_CO: 0.19290779531002045
Smape_O3: 0.2827627956867218
Smape_SO2: 0.286130428314209

Current file index is: 5
Smape: 0.38838911056518555
Smape_PM25: 0.24805386364459991
Smape_PM10: 0.418836385011673
Smape_NO2: 0.3531832993030548
Smape_CO: 0.4554694592952728
Smape_O3: 0.3591137230396271
Smape_SO2: 0.4407183825969696

Current file index is: 6
Smape: 0.5049493312835693
Smape_PM25: 0.8237282633781433
Smape_PM10: 0.5106765627861023
Smape_NO2: 0.48362302780151367
Smape_CO: 0.46064305305480957
Smape_O3: 0.4817239046096802
Smape_SO2: 0.7580570578575134

Current file index is: 7
Smape: 0.4017183482646942
Smape_PM25: 0.36204662919044495
Smape_PM10: 0.5336902141571045
Smape_NO2: 0.30525046586990356
Smape_CO: 0.21681322157382965
Smape_O3: 0.26822879910469055
Smape_SO2: 0.5281111598014832

Current file index is: 8
Smape: 0.3821099102497101
Smape_PM25: 0.251091331243515
Smape_PM10: 0.17539437115192413
Smape_NO2: 0.31743401288986206
Smape_CO: 0.3585444986820221
Smape_O3: 0.20573729276657104
Smape_SO2: 0.3233257234096527

avg_Smape: 0.4550720188352797
avg_Smape_PM25: 0.5048747377263175
avg_Smape_PM10: 0.42524530324671006
avg_Smape_NO2: 0.41068976124127704
avg_Smape_CO: 0.397126876645618
avg_Smape_O3: 0.425072001086341
avg_Smape_SO2: 0.4825189510981242
training time:10902.53459906578