task_num:9
lstm_layer:64
drop:0.2
r_drop:0.2
l2_value:0.001
shared_layer:576
dense_num:64
Current file index is: 0
Smape: 0.5125330686569214
Smape_PM25: 0.995499312877655
Smape_PM10: 0.7707502245903015
Smape_NO2: 0.527625322341919
Smape_CO: 0.4785165786743164
Smape_O3: 0.49120578169822693
Smape_SO2: 0.5863311290740967

Current file index is: 1
Smape: 0.5193199515342712
Smape_PM25: 0.26401790976524353
Smape_PM10: 0.23552702367305756
Smape_NO2: 0.4794877767562866
Smape_CO: 0.34165874123573303
Smape_O3: 0.6478201150894165
Smape_SO2: 0.5885640978813171

Current file index is: 2
Smape: 0.37379980087280273
Smape_PM25: 0.5148659944534302
Smape_PM10: 0.2761847674846649
Smape_NO2: 0.5274093151092529
Smape_CO: 0.40349891781806946
Smape_O3: 0.5625402927398682
Smape_SO2: 0.2422613948583603

Current file index is: 3
Smape: 0.5527350902557373
Smape_PM25: 0.7987495064735413
Smape_PM10: 0.7670431733131409
Smape_NO2: 0.4192381799221039
Smape_CO: 0.5548798441886902
Smape_O3: 0.5345659852027893
Smape_SO2: 0.5369451642036438

Current file index is: 4
Smape: 0.4107058346271515
Smape_PM25: 0.25162768363952637
Smape_PM10: 0.24884165823459625
Smape_NO2: 0.3057997524738312
Smape_CO: 0.34466126561164856
Smape_O3: 0.30460289120674133
Smape_SO2: 0.25326621532440186

Current file index is: 5
Smape: 0.40976080298423767
Smape_PM25: 0.30270981788635254
Smape_PM10: 0.3619718849658966
Smape_NO2: 0.33219218254089355
Smape_CO: 0.44358858466148376
Smape_O3: 0.43058326840400696
Smape_SO2: 0.5032021403312683

Current file index is: 6
Smape: 0.5514160990715027
Smape_PM25: 0.9522548317909241
Smape_PM10: 0.48390963673591614
Smape_NO2: 0.4143686592578888
Smape_CO: 0.482318639755249
Smape_O3: 0.5363919138908386
Smape_SO2: 0.7235372066497803

Current file index is: 7
Smape: 0.4265049695968628
Smape_PM25: 0.3547550439834595
Smape_PM10: 0.4917348325252533
Smape_NO2: 0.2524026930332184
Smape_CO: 0.12928371131420135
Smape_O3: 0.17236851155757904
Smape_SO2: 0.5020678043365479

Current file index is: 8
Smape: 0.3945050835609436
Smape_PM25: 0.3756081759929657
Smape_PM10: 0.36941230297088623
Smape_NO2: 0.4154864251613617
Smape_CO: 0.38152074813842773
Smape_O3: 0.33298811316490173
Smape_SO2: 0.4464940130710602

avg_Smape: 0.4612534112400479
avg_Smape_PM25: 0.5344542529847887
avg_Smape_PM10: 0.4450417227215237
avg_Smape_NO2: 0.40822336739963955
avg_Smape_CO: 0.39554744793309105
avg_Smape_O3: 0.44589631921715206
avg_Smape_SO2: 0.4869632406367196
training time:7516.034952878952