task_num:9
lstm_layer:64
drop:0.2
r_drop:0.2
l2_value:0.001
shared_layer:576
dense_num:64
Current file index is: 0
Smape: 0.5360237956047058
Smape_PM25: 0.9914526343345642
Smape_PM10: 0.6336882710456848
Smape_NO2: 0.47762182354927063
Smape_CO: 0.46381640434265137
Smape_O3: 0.4717223346233368
Smape_SO2: 0.5959522128105164

Current file index is: 1
Smape: 0.5205463171005249
Smape_PM25: 0.31220269203186035
Smape_PM10: 0.22496236860752106
Smape_NO2: 0.4965982437133789
Smape_CO: 0.34882596135139465
Smape_O3: 0.6576589345932007
Smape_SO2: 0.5282709002494812

Current file index is: 2
Smape: 0.34915295243263245
Smape_PM25: 0.5125410556793213
Smape_PM10: 0.2021026611328125
Smape_NO2: 0.46752461791038513
Smape_CO: 0.360591322183609
Smape_O3: 0.4904477596282959
Smape_SO2: 0.16224956512451172

Current file index is: 3
Smape: 0.5305160880088806
Smape_PM25: 0.7170944809913635
Smape_PM10: 0.8132551312446594
Smape_NO2: 0.44948610663414
Smape_CO: 0.5535049438476562
Smape_O3: 0.5553386807441711
Smape_SO2: 0.530180037021637

Current file index is: 4
Smape: 0.3978312015533447
Smape_PM25: 0.19788837432861328
Smape_PM10: 0.1959456354379654
Smape_NO2: 0.24929217994213104
Smape_CO: 0.2684020698070526
Smape_O3: 0.26585835218429565
Smape_SO2: 0.1990370750427246

Current file index is: 5
Smape: 0.3789007067680359
Smape_PM25: 0.33309459686279297
Smape_PM10: 0.3146022856235504
Smape_NO2: 0.2911602854728699
Smape_CO: 0.44950178265571594
Smape_O3: 0.362161248922348
Smape_SO2: 0.48711010813713074

Current file index is: 6
Smape: 0.5588535666465759
Smape_PM25: 0.9624153971672058
Smape_PM10: 0.568709135055542
Smape_NO2: 0.46920403838157654
Smape_CO: 0.611224353313446
Smape_O3: 0.5542041659355164
Smape_SO2: 0.7298230528831482

Current file index is: 7
Smape: 0.4345954358577728
Smape_PM25: 0.46270322799682617
Smape_PM10: 0.5660993456840515
Smape_NO2: 0.37647247314453125
Smape_CO: 0.25395575165748596
Smape_O3: 0.25286054611206055
Smape_SO2: 0.5481359362602234

Current file index is: 8
Smape: 0.38991469144821167
Smape_PM25: 0.3349064290523529
Smape_PM10: 0.2995207905769348
Smape_NO2: 0.3136594295501709
Smape_CO: 0.3267550766468048
Smape_O3: 0.2753971219062805
Smape_SO2: 0.3868941366672516

avg_Smape: 0.45514830615785384
avg_Smape_PM25: 0.5360332098272111
avg_Smape_PM10: 0.42432062493430245
avg_Smape_NO2: 0.3990021331442727
avg_Smape_CO: 0.4040641850895352
avg_Smape_O3: 0.43173879384994507
avg_Smape_SO2: 0.4630725582440694
training time:6474.076024770737