task_num:9
lstm_layer:64
drop:0.3
r_drop:0.3
l2_value:0.001
shared_layer:576
dense_num:64
Current file index is: 0
Smape: 0.6039021611213684
Smape_PM25: 1.0020055770874023
Smape_PM10: 0.867644727230072
Smape_NO2: 0.6049320101737976
Smape_CO: 0.537724494934082
Smape_O3: 0.5892683863639832
Smape_SO2: 0.7746836543083191

Current file index is: 1
Smape: 0.5842034816741943
Smape_PM25: 0.4571211040019989
Smape_PM10: 0.449476957321167
Smape_NO2: 0.6676551699638367
Smape_CO: 0.5995557904243469
Smape_O3: 0.890021026134491
Smape_SO2: 0.7015302777290344

Current file index is: 2
Smape: 0.3732566237449646
Smape_PM25: 0.6092022061347961
Smape_PM10: 0.2905835807323456
Smape_NO2: 0.5914009213447571
Smape_CO: 0.5051136016845703
Smape_O3: 0.49784743785858154
Smape_SO2: 0.13952811062335968

Current file index is: 3
Smape: 0.599044144153595
Smape_PM25: 0.8492240905761719
Smape_PM10: 0.75249844789505
Smape_NO2: 0.5788404941558838
Smape_CO: 0.607658863067627
Smape_O3: 0.5415947437286377
Smape_SO2: 0.5224208831787109

Current file index is: 4
Smape: 0.4563135802745819
Smape_PM25: 0.36715951561927795
Smape_PM10: 0.29439520835876465
Smape_NO2: 0.3687877357006073
Smape_CO: 0.4066706597805023
Smape_O3: 0.3654204308986664
Smape_SO2: 0.38781294226646423

Current file index is: 5
Smape: 0.4326160252094269
Smape_PM25: 0.432862788438797
Smape_PM10: 0.40018007159233093
Smape_NO2: 0.37587490677833557
Smape_CO: 0.4540517032146454
Smape_O3: 0.4870665371417999
Smape_SO2: 0.6006213426589966

Current file index is: 6
Smape: 0.5727099180221558
Smape_PM25: 0.8563816547393799
Smape_PM10: 0.5158584117889404
Smape_NO2: 0.3680156171321869
Smape_CO: 0.4599336087703705
Smape_O3: 0.5719173550605774
Smape_SO2: 0.7039108276367188

Current file index is: 7
Smape: 0.4653966724872589
Smape_PM25: 0.40303555130958557
Smape_PM10: 0.43061354756355286
Smape_NO2: 0.4205390512943268
Smape_CO: 0.39382755756378174
Smape_O3: 0.4241597354412079
Smape_SO2: 0.653525710105896

Current file index is: 8
Smape: 0.4317483603954315
Smape_PM25: 0.3049841821193695
Smape_PM10: 0.2761847674846649
Smape_NO2: 0.25581416487693787
Smape_CO: 0.2983900308609009
Smape_O3: 0.35268262028694153
Smape_SO2: 0.373822957277298

avg_Smape: 0.5021323296758864
avg_Smape_PM25: 0.5868862966696421
avg_Smape_PM10: 0.4752706355518765
avg_Smape_NO2: 0.4702066746022966
avg_Smape_CO: 0.4736584789223141
avg_Smape_O3: 0.5244420303238763
avg_Smape_SO2: 0.5397618561983109
training time:6158.047729253769