task_num:9
lstm_layer:64
drop:0.2
r_drop:0.2
l2_value:0.001
shared_layer:576
dense_num:64
Current file index is: 0
Smape: 0.65610671043396
Smape_PM25: 1.161298394203186
Smape_PM10: 0.7720099091529846
Smape_NO2: 0.7117465138435364
Smape_CO: 0.6124389171600342
Smape_O3: 0.536440908908844
Smape_SO2: 0.6554340720176697

Current file index is: 1
Smape: 0.5458193421363831
Smape_PM25: 0.41817712783813477
Smape_PM10: 0.38199421763420105
Smape_NO2: 0.6245569586753845
Smape_CO: 0.4606491029262543
Smape_O3: 0.7746319770812988
Smape_SO2: 0.6102908253669739

Current file index is: 2
Smape: 0.37064477801322937
Smape_PM25: 0.5578393340110779
Smape_PM10: 0.30202147364616394
Smape_NO2: 0.48770764470100403
Smape_CO: 0.44484540820121765
Smape_O3: 0.566947340965271
Smape_SO2: 0.21792763471603394

Current file index is: 3
Smape: 0.5855891704559326
Smape_PM25: 0.9393789172172546
Smape_PM10: 0.8474659323692322
Smape_NO2: 0.6434711217880249
Smape_CO: 0.6917033195495605
Smape_O3: 0.6604308485984802
Smape_SO2: 0.6329030990600586

Current file index is: 4
Smape: 0.3941643536090851
Smape_PM25: 0.24576139450073242
Smape_PM10: 0.2015596628189087
Smape_NO2: 0.2773371636867523
Smape_CO: 0.23359565436840057
Smape_O3: 0.25409644842147827
Smape_SO2: 0.3108781576156616

Current file index is: 5
Smape: 0.41058480739593506
Smape_PM25: 0.47753214836120605
Smape_PM10: 0.3719305992126465
Smape_NO2: 0.40047720074653625
Smape_CO: 0.44462522864341736
Smape_O3: 0.42994239926338196
Smape_SO2: 0.36992165446281433

Current file index is: 6
Smape: 0.5732749104499817
Smape_PM25: 0.8724372386932373
Smape_PM10: 0.47633281350135803
Smape_NO2: 0.423961877822876
Smape_CO: 0.5017784237861633
Smape_O3: 0.5204368233680725
Smape_SO2: 0.7876712679862976

Current file index is: 7
Smape: 0.4185093641281128
Smape_PM25: 0.3291530907154083
Smape_PM10: 0.5212111473083496
Smape_NO2: 0.3799421787261963
Smape_CO: 0.28309181332588196
Smape_O3: 0.19639712572097778
Smape_SO2: 0.5185737013816833

Current file index is: 8
Smape: 0.39721471071243286
Smape_PM25: 0.23514902591705322
Smape_PM10: 0.2626224756240845
Smape_NO2: 0.43449667096138
Smape_CO: 0.37799617648124695
Smape_O3: 0.33784711360931396
Smape_SO2: 0.3812547028064728

avg_Smape: 0.48354534970389473
avg_Smape_PM25: 0.5818585190508101
avg_Smape_PM10: 0.4596831368075477
avg_Smape_NO2: 0.4870774812168545
avg_Smape_CO: 0.4500804493824641
avg_Smape_O3: 0.47524122065967983
avg_Smape_SO2: 0.49831723504596287
training time:5081.845996856689