task_num:3
lstm_layer:64
drop:0.2
r_drop:0.2
l2_value:0.001
shared_layer:576
dense_num:64
Current file index is: 0
Smape: 1.9291539192199707
Smape_PM25: 2.0
Smape_PM10: 2.0
Smape_NO2: 2.0
Smape_CO: 2.0
Smape_O3: 2.0
Smape_SO2: 2.0
mae: 48.63005

Current file index is: 1
Smape: 1.8761467933654785
Smape_PM25: 1.3333333730697632
Smape_PM10: 1.3333333730697632
Smape_NO2: 1.3333333730697632
Smape_CO: 1.6666666269302368
Smape_O3: 1.6666666269302368
Smape_SO2: 1.3333333730697632
mae: 51.73619

Current file index is: 2
Smape: 0.5634369254112244
Smape_PM25: 0.5912978053092957
Smape_PM10: 0.5324286818504333
Smape_NO2: 0.5508246421813965
Smape_CO: 0.5484662652015686
Smape_O3: 1.100756049156189
Smape_SO2: 0.53187495470047
mae: 55.783077

avg_Smape: 1.4562458793322246
avg_mae: 52.04977289835612
avg_Smape_PM25: 1.3082103927930195
avg_Smape_PM10: 1.2885873516400654
avg_Smape_NO2: 1.2947193384170532
avg_Smape_CO: 1.4050442973772685
avg_Smape_O3: 1.5891408920288086
avg_Smape_SO2: 1.2884027759234111
training time:802.0630829334259