task_num:3
lstm_layer:64
drop:0.2
r_drop:0.2
l2_value:0.001
shared_layer:576
dense_num:64
Current file index is: 0
Smape: 0.5606625080108643
Smape_PM25: 1.2560348510742188
Smape_PM10: 0.8962041735649109
Smape_NO2: 0.5920276045799255
Smape_CO: 0.6290534138679504
Smape_O3: 0.6014531850814819
Smape_SO2: 0.5772199630737305
mae: 47.765675

Current file index is: 1
Smape: 0.6462305784225464
Smape_PM25: 0.5446307063102722
Smape_PM10: 0.7254490852355957
Smape_NO2: 0.6738009452819824
Smape_CO: 0.6487360000610352
Smape_O3: 0.9404827952384949
Smape_SO2: 0.7152144312858582
mae: 50.820023

Current file index is: 2
Smape: 0.4075765907764435
Smape_PM25: 0.47013673186302185
Smape_PM10: 0.45032253861427307
Smape_NO2: 0.4382113516330719
Smape_CO: 0.5166264176368713
Smape_O3: 0.5663118362426758
Smape_SO2: 0.6971470713615417
mae: 54.86871

avg_Smape: 0.5381565590699514
avg_mae: 51.151468912760414
avg_Smape_PM25: 0.7569340964158376
avg_Smape_PM10: 0.6906585991382599
avg_Smape_NO2: 0.5680133004983267
avg_Smape_CO: 0.5981386105219523
avg_Smape_O3: 0.7027492721875509
avg_Smape_SO2: 0.6631938219070435
training time:477.56261587142944