task_num:3
lstm_layer:64
drop:0.2
r_drop:0.2
l2_value:0.001
shared_layer:576
dense_num:64
Current file index is: 0
Smape: 0.5291504859924316
Smape_PM25: 0.5259663462638855
Smape_PM10: 0.38252755999565125
Smape_NO2: 0.5721198916435242
Smape_CO: 0.3230014741420746
Smape_O3: 0.4849720895290375
Smape_SO2: 0.9470717906951904
mae: 47.851776

Current file index is: 1
Smape: 0.7207847833633423
Smape_PM25: 1.0190238952636719
Smape_PM10: 0.7711625695228577
Smape_NO2: 0.6799928545951843
Smape_CO: 0.7453923225402832
Smape_O3: 0.8619492053985596
Smape_SO2: 0.7072973847389221
mae: 50.955822

Current file index is: 2
Smape: 0.4506518542766571
Smape_PM25: 0.7620171904563904
Smape_PM10: 0.5868869423866272
Smape_NO2: 0.3736863136291504
Smape_CO: 0.5924512147903442
Smape_O3: 0.5859084725379944
Smape_SO2: 0.612725555896759
mae: 55.07033

avg_Smape: 0.5668623745441437
avg_mae: 51.292643229166664
avg_Smape_PM25: 0.7690024773279825
avg_Smape_PM10: 0.580192357301712
avg_Smape_NO2: 0.541933019955953
avg_Smape_CO: 0.553615003824234
avg_Smape_O3: 0.6442765891551971
avg_Smape_SO2: 0.7556982437769572
training time:717.634752035141