task_num:3
lstm_layer:64
drop:0.2
r_drop:0.2
l2_value:0.001
shared_layer:576
dense_num:64
Current file index is: 0
Smape: 0.5505706071853638
Smape_PM25: 1.0579181909561157
Smape_PM10: 0.7856013178825378
Smape_NO2: 0.5282156467437744
Smape_CO: 0.42732343077659607
Smape_O3: 0.44284018874168396
Smape_SO2: 0.6438316106796265
mae: 48.031124

Current file index is: 1
Smape: 0.6615378856658936
Smape_PM25: 0.7541217803955078
Smape_PM10: 0.6287770867347717
Smape_NO2: 0.7378370761871338
Smape_CO: 0.6956683993339539
Smape_O3: 1.1325372457504272
Smape_SO2: 1.0876845121383667
mae: 51.086445

Current file index is: 2
Smape: 0.4209063649177551
Smape_PM25: 0.6119579076766968
Smape_PM10: 0.3175295293331146
Smape_NO2: 0.5919529795646667
Smape_CO: 0.551099956035614
Smape_O3: 0.6260948777198792
Smape_SO2: 0.31119897961616516
mae: 55.30006

avg_Smape: 0.5443382859230042
avg_mae: 51.47254308064779
avg_Smape_PM25: 0.8079992930094401
avg_Smape_PM10: 0.5773026446501414
avg_Smape_NO2: 0.6193352341651917
avg_Smape_CO: 0.5580305953820547
avg_Smape_O3: 0.7338241040706635
avg_Smape_SO2: 0.6809050341447195
training time:983.72975897789